7 0 447
7 0 6
6 0 3
1 0 1
4 1 4
3 1 3
1 0 0
2 0 9
8 0 54
3 1 4
1 0 2
2 0 3
4 1 4
3 1 3
1 0 1
2 0 2
4 1 3
7 0 15
2 0 0
7 0 60
6 0 5
3 1 3
4 0 3
1 0 0
4 1 4
3 1 3
1 0 1
2 0 9
8 0 114
3 1 3
1 0 2
2 0 4
4 1 3
3 0 4
1 0 1
2 0 1
4 0 4
7 0 75
3 0 4
4 1 3
5 1 3
3 0 3
3 1 4
2 0 2
4 1 5
3 0 4
4 1 4
2 0 0
7 0 147
6 0 5
3 1 3
4 0 3
5 1 57
3 1 4
4 0 4
3 1 5
1 0 0
2 0 9
8 0 192
3 0 4
1 0 1
2 0 1
4 0 4
7 0 192
3 0 4
4 1 4
2 0 0
7 0 204
6 0 6
3 1 3
4 0 5
3 0 5
1 0 0
2 0 9
8 0 354
3 0 5
4 0 3
3 0 3
1 0 1
2 0 1
1 0 2
2 0 4
4 0 4
3 0 4
3 0 3
2 0 7
8 0 294
3 0 4
4 0 3
3 0 3
3 0 5
3 0 3
2 0 4
2 0 1
1 0 2
2 0 4
4 0 4
7 0 249
3 0 3
3 0 3
2 0 3
3 0 5
2 0 9
8 0 327
3 0 3
1 0 1
2 0 2
4 0 3
7 0 327
3 0 3
4 1 4
3 0 5
3 0 3
3 0 3
2 0 3
2 0 2
4 1 5
7 0 360
1 0 0
4 1 4
2 0 0
7 0 366
6 0 7
1 0 1
4 0 3
3 1 3
4 0 4
1 0 0
4 0 5
1 0 1
4 0 6
3 0 3
3 0 4
2 0 7
8 0 444
3 0 3
1 0 1
2 0 1
4 0 3
3 0 5
3 0 6
2 0 1
4 1 4
3 0 6
4 0 5
3 1 4
4 0 6
7 0 393
2 0 0
6 0 6
9 0 2
4 0 3
5 0 3
3 0 4
9 0 1
9 0 3
